,read,comment,title,time
0,365,2,如果B股回购注销，对A股有提振？,10-13 01:00
1,74,0,成交量不大：很难有太好表现,10-24 09:39
2,171,0,下跌我们是认真的，不涨我们是专业的，营收我们是造假的，不服就跌。,10-20 10:28
3,1029,4,就满仓本股，今天走向解套和盈利之旅。,09-20 06:18
4,203,0,大众逼让人搞穿了，从0.7直泄到0.18。,10-19 01:37
5,1605,3,这垃圾，套几年了还这样，你们说怎么办呢？,09-01 01:06
6,1612,3,天天下跌创新低，亏损严重何时才能回本，难难难，等到死吧，不是它死就是我死。,09-01 02:06
7,948,1,每天这个成交量：走势太不尽人意,09-22 11:18
8,1071,0,大众交通（集团）股份有限公司关于受让上海数讯信息技术有限公司28.96％股权的公,09-20 11:40
9,1212,2,68.1 胡晓悟 上海高院再审 申请书 再审申请书 申请人（一审原告、二,09-18 08:31
10,1536,0,跌到0.18左右加仓,09-02 07:37
11,1588,0,业绩也不亏损咋就一直跌,09-02 11:55
12,1572,0,B股又成做空的工具了，大股东为何不增持B股呢？A股做空主力做不动了，现在拿B股制,09-01 01:51
13,1574,0,所有指数都没有新低，该股创五年新低，大家说这股是不是垃圾？,09-01 12:19
14,1576,0,外资自嗨，自买自卖。整个B流动性已无,09-01 09:30
15,1673,1,今天B股大盘跌幅很大：不知有什么事,08-31 01:48
16,1542,0,大众Ｂ股8月31日盘中跌幅达5%,08-31 01:21
17,1661,1,4位数压盘：怎么上涨,08-30 01:10
18,2324,0,酒店,08-10 01:23
19,2386,0,上海的出租车市场为大众汽车（900903）提供良好平台,08-10 10:27
20,2228,3,庄家死了吗？,06-29 10:07
21,2276,1,杨国平余姚老乡支持你，但你公司股票也太不给力了，是不是想私有化了,07-13 03:14
22,2370,0,受市埸复苏，疫情已过。公司保持盈利增长。待涨！,07-31 01:54
23,2364,0,加把劲，收盘站上60日均线0.218，后市值得期待。,07-28 01:45
24,2545,2,今天是典型的出水芙蓉，一阳穿三线。漂亮！,07-25 03:25
25,2419,6,公司一季度盈利0.99亿，半年预报行李1.2亿，2季度才盈利2000万元，所以B,07-10 11:31
26,2295,4,会不会退市啊？,07-10 10:26
27,2339,0,还要不要点脸，跌到什么地方是个止跌企稳回升？,07-20 01:47
28,2238,6,这股的B股有人买吗？这K线全部躺平了啊,07-04 05:52
29,2242,1,又创新低，恶意做空B股，大股东也不增持，反常！,07-10 10:23
30,2172,0,也太过份了，能不能给点希望。,07-10 10:11
31,2172,0,疆户股！,07-08 03:44
32,2181,0,大众交通也成沦为垃圾公司了！,07-08 03:44
33,2166,0,没有成交量：,07-07 11:34
34,2350,2,啥时候分红啊？,06-30 10:08
35,2138,3,人民币对美元贬值投资美元B股正当时,06-13 11:21
36,2169,0,这就是个垃圾，下跌的没有止境,06-28 03:29
37,2362,3,避免退市之后是什么呢？,06-26 01:19
38,2130,1,五部门：开展2023年新能源汽车下乡活动 参与活动车型共69款 2023年06月,06-16 09:11
39,2163,0,趋势未变不能买，散户太多,06-27 10:24
40,2124,1,现在开始逐步买进，只买进不卖出。必有大回报。,06-26 12:11
41,1884,0,己边缘化了：,06-26 11:21
42,2465,1,至少要知道决议内容里面这些人都是谁都是干什么的吧，欢迎继续补充，很多都没有详细,06-24 01:13
43,1779,2,已经跌的只剩裤头了，庄家还在压盘，真不是东西！,06-13 01:42
44,1822,1,大众交通今年第一第二季度业绩高增长已经确定,06-13 02:37
45,1796,0,加速奔向死亡退市,06-16 03:01
46,1783,0,创新低,06-16 02:59
47,1776,0,看客,06-16 10:49
48,1831,0,跌无止境，B股最近成了做空的主力，除了人民币贬值的原因，外资做空，B股为何不受人,06-16 10:35
49,1758,0,钝刀子割肉，天天下跌，痛痛痛！,06-16 09:39
50,1765,0,很难解套,06-15 02:49
51,1749,0,这个垃圾都几年了还这样跌，怎么办呀？请教大佬们,06-15 10:36
52,1770,0,大众交通B股跌跌不休，新低总在持续中，为何大股东不增持B股呢？,06-14 01:44
53,1761,0,B股有存在的必要吗,06-13 01:34
54,1862,0,可以加点苍了、放长线,06-01 08:15
55,1825,0,历史低位,06-01 04:15
56,1875,0,该股走出了独立行情,06-01 02:29
57,1907,3,股价这么低还在打压出货，大股东为何不回购呢？,05-31 03:05
58,2022,1,每天都是创新低，不用想都知道，1季报一定亏损！！！,04-26 01:34
59,1863,0,二年连续亏损为什么不退市，还在这里坑人[怒][看空],05-31 10:23
60,2054,2,B资金就这个票，满仓中。等大牛市。等翻几倍吧,05-10 05:16
61,3996,2,疫情影响没了 利润也该翻身了吧,05-26 01:19
62,4721,0,效率极低AB合并最好,05-19 02:33
63,1635,0,熊跌多年，反弹1分钱，跌回1分钱，真垃圾！！！,05-18 09:59
64,1151,0,上海本地垃圾堆,05-16 02:56
65,1098,0,让美国大众收购吧,05-15 12:03
66,1122,0,这股庄家真不是东西，刚有点反弹就强力打压！,05-12 11:02
67,1116,1,0.6美元的票！,05-04 10:44
68,862,1,开出租的股票，你好好笑哦,05-05 03:02
69,964,1,疫情结束，出租车生意该好起来了吧,04-29 01:07
70,740,1,天天创新低！,04-27 04:57
71,739,0,603773每股亏损2+，今天大涨，大众能不能也马蛋发烧一下！,04-27 09:49
72,772,0,高价回购，低价给自己做福利，连续亏损，股价连续创新低，公司做何感想,04-24 01:54
73,802,2,今年如不盈利就见鬼了,04-23 09:01
74,744,0,这个垃圾股都几年了还这样跌，怎么办？,04-21 02:48
75,774,1,垃圾公司从2019年年报每股收益0.42元/股，逐年下滑，一直到2022年每股亏,04-19 03:06
76,711,1,草根股，我就买10000股就当装饰一下账户,04-21 09:45
77,681,1,每天新低！大股东不增持！,04-21 11:30
78,319,1,B股价格一直被打压，为何大股东不增持呢？,04-19 09:39
79,435,0,大众发展到今天杨国平功不可没[撇嘴][撇嘴],04-11 10:34
80,834,3,亏损还要分红，那么目的只有一个，增发。所以对B股有利。,03-31 10:01
81,385,0,这种走势是不是要ST呀？,03-30 11:02
82,492,0,我每天都在看着你，非常怕你突然死去，因为我一直满仓持有你，但是你天天都在跌，没一,03-28 11:10
83,542,0,告别疫情大众交通重回稳健发展之路。一季报业绩大增,03-27 10:47
84,1347,6,买b股还要单独开通吗,01-19 11:06
85,662,2,让大众高管看看月k线吧[为什么],03-21 10:17
86,1285,0,垃圾,03-16 10:24
87,894,0,这个垃圾公司，上涨没有它，下跌它带头！,03-15 09:53
88,841,0,股民已经到了忍无可忍了，看吧一下抛弃33万股压盘，该股会有好运么？,03-09 10:37
89,650,3,马上涨停,01-19 12:06
90,1115,1,垃圾公司，昨天涨0.003，今天跌0.003。,02-02 01:36
91,1022,23,《观察》……主力一小般般吧。浏览了一下过往，主力资金净流入。现在是十六万元，两年,01-19 12:09
92,867,0,大众Ｂ股1月20日加速下跌,01-20 09:32
93,718,0,这量放得好，底部筹码一天换手完成了。,01-19 01:37
94,807,1,原来是智能交通涨停潮，快去买大众B股吧900903，还没有涨停,01-19 10:09
95,795,0,A股涨停了原来是智能交通涨停潮，快去买大众B股吧900903，还没有涨停呢绝对的,01-19 01:21
96,726,1,投资私募基金是为了拿回扣吗？因为你分红，股民自己也可以投资私募基金。,01-19 09:26
97,558,0,大众Ｂ股1月19日快速上涨,01-19 09:33
98,590,0,大众Ｂ股1月19日开盘涨幅达5%,01-19 09:30
99,855,2,同企业共命运。,12-28 01:42
100,570,0,大众Ｂ股12月27日快速回调,12-27 09:52
101,564,0,转发,12-23 11:05
102,876,0,你好。长安汽车怎么样？？18块满仓，一直不舍得割。[大哭][大哭][大哭][大哭,12-21 05:20
103,820,0,在我看来这是高手[抱拳],12-20 05:45
104,483,0,大,12-14 09:28
105,624,0,大众Ｂ股12月13日快速上涨,12-13 09:38
106,627,0,[爱心],12-09 02:32
107,511,0,转发,12-08 03:56
108,917,0,三板B股中的房地产股票只有2--3分钱，可以适当参与，国家政策也许给它们带来生机,12-07 01:36
109,584,2,这个怎么买？,11-29 11:06
110,451,0,倒,12-06 06:51
111,489,0,行动,12-05 10:09
112,442,0,转发,12-05 07:57
113,388,0,转发,12-05 06:02
114,538,3,大众汽车集团和梅赛德斯-奔驰与加拿大正式签署电池材料供应协议,08-24 02:08
115,909,1,封控降级 大众利润转正有望,11-17 10:08
116,387,1,转发,12-02 06:23
117,442,0,转发,12-02 10:01
118,693,0,旅游股这么好，该有起色了。,11-28 03:00
119,894,3,请教大佬，这个股几年了还这样套着，怎么办呢[哭],11-14 06:20
120,772,5,成仙股了,10-31 11:07
121,955,0,看看三毛，流浪狗,11-17 01:08
122,2002,2,整个沪市B股中，好像就大众B[900903]没被炒作过，市净率低，仍在底部蛰伏。,09-17 12:33
123,1296,4,大众B公司管理层能不能再无耻点，让公司直接退市了,10-19 10:24
124,905,0,光靠出租车和房地产：不求上进吃老本：总有一天会被资本市场淘汰,11-12 05:19
125,862,0,大众Ｂ股11月9日快速回调,11-09 09:36
126,1035,0,大众Ｂ股11月2日快速反弹,11-02 09:47
127,2086,4,厉害了！就是说大众B要从能源下游消费者华丽转身为新能源行业的上游企业了？,09-17 12:44
128,1707,2,大众B是出租车公司吧，不是汽车制造的那个大众！,09-18 08:13
129,1856,1,大众B，没特色，大多是黑色的，不喜欢。。。。。,08-31 09:13
130,1447,0,大众Ｂ股9月27日快速上涨,09-27 09:30
131,1010,0,是要退市了吗？,09-27 06:45
132,1273,0,大众Ｂ股9月26日盘中跌幅达5%,09-26 02:25
133,1795,0,妖！每分钟22手拖拉机单推土机式向上买入，最后露出了老鼠仓消息出来之前提前买入？,09-17 12:29
134,978,0,万绿丛中一点红,09-16 12:51
135,1946,1,今天下午发什么疯，是不是中报亏损严重啊？,08-29 02:47
136,1641,0,大众B董事长杨GP应该主动辞去董事长职务,09-14 04:50
137,2148,4,请不要在本吧把两个“大众”偷梁换柱,08-26 07:06
138,1857,0,难道0.270是强阻力位吗,09-05 02:48
139,499,0,大众管理委员会成员将缩减至9人,09-01 11:09
140,280,0,大众欲入股加拿大矿商，确保电池原材料供应,08-24 01:40
141,383,1,大众集团上半年营业利润大增16%，豪华品牌贡献明显,07-29 02:31
142,2521,1,调整完毕，跌无可跌，拉升开启，连续不断，机会来了，不容错过，拿好坐稳，躺着点钱吧,07-20 09:04
143,1974,12,7月车企销量TOP 10：一汽-大众夺冠，自主抢占6席,08-10 03:34
144,2334,0,顶是尖的，底是平的。貌似死水一潭的时候，往往孕育着新的生机，黎明前黑暗往往令人窒,08-05 11:45
145,532,2,2022上半年10家跨国车企在华销量：大众通用逾百万辆，丰田最“稳”,07-18 05:30
146,361,0,大众集团新CEO身兼两职，能成吗？,07-28 04:29
147,2312,0,早点倒闭退市算了,07-19 10:07
148,1330,0,这种蛀虫公司,07-19 09:55
149,13815,0,大众集团上半年全球销量同比跌22%，纯电动车销量却同比大增27%,07-18 11:37
150,2343,1,$大众Ｂ股(SH900903)$刚从凯马清仓出来，现进入此股满仓。慢慢等待拉升。,07-06 07:27
151,2729,1,$大众Ｂ股(SH900903)$重磅利好，国企改革，优化整合，明天上车，机会来了,07-03 02:06
152,13045,1,一汽-大众6月销量21.4万辆，同比增长45.5%,07-01 06:13
153,2323,0,$大众Ｂ股(SH900903)$快死了,06-27 11:14
154,2516,1,$大众Ｂ股(SH900903)$咋回事？我没挂过这个价怎么就成交了？,06-15 01:31
155,2639,3,分红的钱什么时候能到账,06-09 09:40
156,2174,0,大众Ｂ股6月15日盘中涨幅达5%,06-15 01:31
157,2282,0,大众Ｂ股6月15日快速上涨,06-15 01:02
158,2772,6,$大众Ｂ股(SH900903)$求教，为什么B股除权除息在前，股权登记在后？,06-02 03:20
159,2628,1,$大众Ｂ股(SH900903)$大众B，都涨它跌。,06-10 02:14
160,2580,1,$大众Ｂ股(SH900903)$今天买入是含权股吗？能参与分红吗,06-08 01:59
161,2597,0,能力是没有，关系是真硬，熊途末路，遥遥无期,05-26 05:52
162,2699,0,疫情不会轻易结束 真不敢加仓了,05-25 12:32
163,2573,0,$大众Ｂ股(SH900903)$444444什么意思啊,05-24 09:34
164,2459,0,请问一下，羊头，受疫情影响，出租车生意不好，份子钱就收的少了吗？如果出租车生意很,05-23 02:45
165,3001,1,$大众Ｂ股(SH900903)$什么垃圾股啊，一清仓就涨，僵尸股诈尸啊,05-19 03:00
166,2496,0,$大众Ｂ股(SH900903)$羊头严重超龄，必须依法强制退休,05-22 02:05
167,2499,0,大众Ｂ股5月19日快速回调,05-19 10:42
168,2202,0,大众Ｂ股5月19日盘中涨幅达5%,05-19 10:38
169,2092,0,$大众Ｂ股(SH900903)$懂事长严重超龄，必须依法强制退休。,05-18 02:11
170,2094,0,$大众Ｂ股(SH900903)$口罩原因，第二季度业绩更惨,05-18 10:26
171,2103,0,垃圾股啊，不会涨的股啊，清仓了,05-17 09:35
172,2107,0,$大众Ｂ股(SH900903)$老羊严重超龄，必须依法强制退休。,05-16 10:48
173,2097,0,$大众Ｂ股(SH900903)$老羊严重超龄，必须依法强制退休。,05-15 08:49
174,2048,0,$大众Ｂ股(SH900903)$老羊严重超龄，必须依法强制退休。,05-14 02:12
175,2097,0,$大众Ｂ股(SH900903)$应全仓三毛B,05-12 11:28
176,2177,0,$大众Ｂ股(SH900903)$看这走势，真要到0.2了。亏死了，今天反弹割一半,05-10 02:11
177,2398,0,$大众Ｂ股(SH900903)$大众B是疫情影响导致亏损，还是公司本身有问题，导,05-06 09:43
178,2254,0,大众Ｂ股5月5日快速反弹,05-05 09:51
179,2185,0,大众Ｂ股5月5日开盘跌幅达5%,05-05 09:30
180,2627,1,6亿市值也能干房地产？,03-30 01:38
181,2143,0,$大众Ｂ股(SH900903)$看好三毛B后市，将会强力拉升。,04-28 02:53
182,2636,1,$大众Ｂ股(SH900903)$看这图形，又要破位下跌。准备在0.23等你。,04-03 09:23
183,2037,0,$大众Ｂ股(SH900903)$大众逼烂了，没人要了，嫁不出去了。,04-26 01:45
184,375,0,欧洲3月汽车销量大跌19%，今年欧洲车市或难复苏,04-21 07:22
185,31602,3,大众集团Q1在全球售出9.9万辆纯电车，大众ID.4最畅销,04-15 06:49
186,2888,2,大众B900903：就冲着市净率0.44，我买点放10年。,04-16 01:59
187,710,1,大众集团Q1 营业利润预计达85亿欧元,04-15 06:47
188,2791,1,$大众Ｂ股(SH900903)$我也来冒个泡,02-17 06:46
189,2588,1,$大众Ｂ股(SH900903)$为什么分类划归到房地产开发领域，该股有房地产开发,03-31 10:32
190,2368,0,B股应该和A股联动：A股涨：B股还跌：不知何原因,03-31 01:09
191,2439,1,每股分人民币0.028，比没有强一点点,03-31 06:46
192,9514,162,冒个泡泡,02-11 10:28
193,2725,3,$大众Ｂ股(SH900903)$有8000股，我感觉她就是个弃儿。0.6的本，套,03-18 02:03
194,2355,0,$大众Ｂ股(SH900903)$大众B被边缘化了，指数大涨，它就是不涨，是不是2,03-30 02:28
195,1691,0,拖后腿了,03-30 01:09
196,2276,0,去年没分红 今年应该分点吧,03-30 07:51
197,2808,2,走势应该说决定公司经营和公司基本面：否则不会走的这形态：主力都不傻：,03-21 10:36
198,2568,0,31日公布分红预案,03-27 07:58
199,2313,0,就要做到涨不骄，跌不馁,03-25 06:41
200,2330,0,这么好行情：成交放不出：,03-17 11:26
201,2215,0,主要是没核心高科技与国家创导的技术：主业出租车你想这股价有很好表现吗？大家也就是,03-16 10:52
202,2210,0,$大众Ｂ股(SH900903)$今清仓了，全仓买入了900921。丹化科技A股有,03-03 04:28
203,2117,0,$大众Ｂ股(SH900903)$今清仓了，全仓买入了900921。丹化科技A股有,03-03 04:28
204,1687,0,这辈子很难解套,02-28 02:46
205,1546,0,没人关注：可怜,02-25 09:39
206,3058,1,我们反对大众把属于股东利润的1.8亿元无偿激励给少数人的反案，当前利益集团只有6,09-16 10:38
207,3042,2,大众每股净资产值4.02元，怎么能把全体股东利润中的3.6亿回购股票，然后以每股,09-16 10:44
208,1462,0,耗不起了，撤！,02-10 10:51
209,2050,0,亏损离场，祝福后来接盘侠发财！！,01-25 02:46
210,1748,2,冷冷清清,01-14 11:31
211,7271,7,人有时还是需要决断力的！在大众B上前段时间我亏损16000多美元出局的。这不在绿,10-25 09:59
212,2136,0,天天成交量这么低：被遗忘了：更没有成长性来肋炭股市：,01-12 01:17
213,2363,2,B股中唯一的新能源车概念 载货汽车、柴油发动机、矿山机械、小型机电等 产品  开,01-10 10:41
214,4574,1,房地产板块已经启动明年是房地产的市场，三板唯一一支B股房地产将翻十倍420079,11-24 10:26
215,2062,1,交大昂立第一大股东，怎么弄自己看着办。,01-06 02:30
216,1836,0,昨天就减仓了，今天你就给我这样的走势？[滴汗],01-05 08:16
217,2505,0,先锋道达尔国际股票指数基金持有东方通信B股463万股;野村证券新加坡有限公司东方,12-21 02:10
218,1485,0,搞笑了,12-21 11:54
219,1752,0,该股元旦后进入大的长涨期[加油],12-21 11:22
220,2578,1,这是个什么玩意！！！？？,12-11 09:55
221,2018,0,为什么还在这个B股上陪太子读书?看看天涯B股2cm了,12-07 10:53
222,2211,0,本月16日联储会议将释放强烈的鹰派信号！赶紧跑路离场吧！b股参与人数少，更危险！,12-02 08:50
223,2304,2,看到有很多人都说这个员工持股计划侵占了股东利益，可是你们有没有第二层思维，就是他,11-19 01:31
224,6482,1,近日，因一份来自上汽大众仪征工厂的2022-2023车型技术改造项目计划书，桑塔,11-18 03:53
225,1853,1,真的是无法无天！,11-18 07:35
226,1875,1,坚决反对大众搞利益输送。,11-18 07:36
227,1756,0,风马牛不相及,11-17 08:11
228,2520,5,NND！卖了才发现，除了没有几个这货更有性价比好的！,09-09 02:51
229,2175,0,退市吧！每天都没有啥交易,10-21 02:58
230,2074,0,开盘二十分钟没有交易[滴汗],10-19 09:49
231,2202,0,如今的b股都是在退市的路上吗[捂脸],10-16 12:35
232,1880,0,宝信B(900926)看你会涨多高！,10-15 07:51
233,2360,0,大众车友，众泰集合,10-09 10:11
234,2290,1,大众建电池系统工厂通用投自动驾驶公司跨国车企加速电动车赛道中国庞大的汽车消费市场,09-29 10:56
235,5477,0,没钱的时候把勤舍出去，钱就来了，所谓天道酬勤吗,09-30 09:18
236,2252,0,老杨头，赶快把大众b拉到0.4以上，反对的声音会减少很多。,09-24 10:29
237,2254,1,$大众交通(SH600611)$我们反对大众把属于股东利润的1.8亿元无偿用于激,09-16 10:58
238,3268,3,大众净资产值4.02元/股，昨日收盘价3.53.回购价4元/股，管理层却将879,09-16 12:03
239,2058,1,我参加了昨天大众的股东大会，会议从头吵到尾，现场只有1人投赞成票，其他人全部反对,09-16 10:49
240,1889,1,"今天大众投票,有没有参与的?a股股吧那边挺积极！",09-15 01:03
241,1873,0,请教各位大神，今年还分红吗？,09-13 09:37
242,1805,0,要投票了！大家积极投反对票就好！,09-13 10:48
243,1784,0,什么时候分红[大哭],09-13 12:37
244,1702,0,总感觉有什么事情要发生！,09-12 05:42
245,2287,0,啥意思，个股都补涨了。就你泄了,09-01 11:00
246,2272,0,不满意砸的太少了,08-20 03:03
247,1940,0,快跌停就好了，我等着你下来,08-19 02:41
248,2024,0,大众Ｂ股8月19日快速回调,08-19 09:47
249,1887,0,奇怪了，等你砸怎么不砸了,08-18 02:01
250,2091,0,金田A天天涨停板金田B420016居然不动，是大家缺美金啊,08-16 11:59
251,2165,0,投资芯片产业链,08-11 07:37
252,2041,0,我觉得你还可以砸一砸，有一种冷是叫觉得你冷,08-10 11:26
253,2889,0,宝信B(900926)王者归来，,08-04 12:10
254,2167,1,大众B股，老手提醒：五档挂大托单，是狗庄在引诱散户入场,07-22 10:58
255,5722,1,还想骗外面的人，你觉得他们傻么,07-30 11:30
256,2003,0,这是普通比[撇嘴],07-29 01:39
257,2822,2,大众B股，老手善意提醒：五档挂大托单，是庄家在引诱散户入场,07-22 11:11
258,2648,4,什么情况？大众B股股价低于净资产一半。是机构乌龙还是仙人指路？,07-05 12:56
259,2422,0,没成交额！,07-15 10:17
260,2539,0,一百万就能拉动的股,07-07 02:34
261,2138,0,大众Ｂ股7月5日快速回调,07-05 09:40
262,1993,0,大众Ｂ股7月5日开盘涨幅达5%,07-05 09:32
263,2034,0,大众Ｂ股7月5日快速上涨,07-05 09:30
264,2315,0,老凤祥B转H 一石激起千层浪,07-04 05:57
265,2005,0,每天竞价0.28，撞不上就等。,07-01 03:24
266,2081,3,涨不上去就大胆跌，好补仓降成本,06-11 12:30
267,3973,0,守在这里浪费时间，去900919抢板板吧,06-24 11:19
268,2000,1,我在0.28等你,06-22 01:01
269,2148,1,黎明前的黑暗，曙光即将来临！业绩同比大增……,06-17 06:00
270,2309,1,可以买了，悄悄滴来了，大众！,05-12 06:56
271,2412,5,上汽集团：前4个月汽车销量同比增长42.44%证券时报e公司讯，上汽集团(600,05-12 10:00
272,2203,1,大众交通无人驾驶受益股。,05-10 05:16
273,3302,3,好冷清啊，一看就是冷门股票，多少天没人说,05-25 06:54
274,2650,1,"千万别再买900903了,买一到买五挂出的千手买单就是为了诱惑散户接盘!",03-22 10:38
275,24878,0,大咖观点，五月顺周期板块怎么投？,05-11 08:00
276,20638,0,大咖谈节后顺周期板块,05-10 05:30
277,2225,4,慢慢跌吧  这就是不分红的下场,04-14 02:15
278,22693,0,顺周期行情见顶了吗？,04-29 09:55
279,26165,0,如何理解周期？——宏观市场解读,04-20 06:30
280,2296,0,分红就买，不分红只好死捂,04-15 09:30
281,2414,0,失望，大众今年不分红,03-31 07:51
282,2546,7,为什么收盘大跌？出什么事了,03-21 11:32
283,2302,1,最近B股怎么了，陆家嘴涨不停，不回头,03-25 10:59
284,2142,0,进两步退三步，看来不补仓不行了,03-20 01:55
285,3273,3,大众B分红优厚，咋个没有强权？,08-05 01:11
286,2224,2,下周大众a也会跟着暴跌，大众b继续大跌,03-19 03:45
287,2099,0,大众会跌到破产吗？是不是高管出事了，什么情况啊？,03-19 03:50
288,2058,0,没想到放量大跌。本来以为大众B股几年来跌到底了，但又深不见底。不知道周会如何。,03-19 03:37
289,2028,0,满仓解套 寄希望于大众奇迹,03-13 01:10
290,1746,0,股票做到像僵尸一样还有存在的必要吗？,03-11 09:52
291,29502,0,能源化工值得投资么？,03-04 03:30
292,72792,0,2021年科技板块是否值得期待？,03-03 03:00
293,23926,0,科技、半导体、顺周期怎么投？,03-02 09:15
294,22292,0,如何把握顺周期机会,02-25 04:30
295,20682,0,顺周期崛起的号角已经吹响？,02-24 06:30
296,20960,0,建信臻选混合现正发售中！,02-24 04:30
297,26328,0,建信臻选混合现正发售中！,02-22 11:00
298,2322,3,二十年了。持有B股赔了80%。避谷还有什么存在的意义,12-26 03:33
299,7902,0,云上会  2021如何安放我们的钱袋子——中信幸福财富之夜,01-26 06:11
300,1891,0,抄底重仓吃回杀它个回马枪,01-20 11:16
301,1590,0,我,01-07 07:56
302,2360,3,大众B这种垃圾股可以退市了，有何脸面还在股市里存在，还在继续坑害广大股民？,11-04 08:43
303,12792,0,2021，成长与价值如何选择？,12-22 03:00
304,40019,0,顺周期风口或已到来！,12-16 01:14
305,2327,1,感觉AB合并的时间越来越快了,09-03 10:43
306,1623,0,强烈呼吁回购B股,12-16 11:10
307,1748,0,宝信B(900926)王者归来。,12-07 06:19
308,1621,0,东电b要退出了，估计b股要大涨了,12-04 10:11
309,1685,0,这里真清净，好地方,10-30 10:41
310,1865,0,这阝真是太难看了,10-26 04:43
311,1793,0,B股一哥宝信(900926)一路涨得太吓人。,10-13 01:49
312,1852,0,快挂st了吧,10-09 07:27
313,1900,0,0.341卖了,09-14 05:33
314,1829,0,0.338满仓，再跌也没钱了,09-11 07:36
315,1819,0,我在0.340等你,09-09 05:16
316,1832,0,你也不学海航b，你个大垃圾,09-09 11:39
317,1990,0,B转A，知道不，你懂的？,09-03 10:22
318,2183,0,亏损还这么强势 似乎是在赌AB合并,08-22 01:17
319,2085,0,今天资金刚到账就抢筹码,08-19 02:00
320,2625,3,股权登记日，除权除息日顺序对吗，这公司负责任吗,07-07 11:46
321,2524,5,B股分红款怎么还没到帐,08-06 10:33
322,2344,1,可能还有一跌，因美元还未到账,08-08 02:01
323,2961,3,600611:大众交通关于股份回购进展情况的公告,08-04 03:32
324,1984,0,(900926)宝信B涨得太吓人了。,08-05 02:36
325,2717,3,吧b股与a股同股同权分红，但a股与b股确不同价，买入b股股息率还是不错滴,08-03 08:42
326,1915,0,想买点觉得还有点贵,08-05 09:37
327,2139,1,大众B，甭再磨叽了羞羞答答，干就完了，1道乐目标,07-07 01:47
328,2012,0,明天要分红了吗？,07-29 10:29
329,3228,3,600611:大众交通关于股份回购进展情况的公告,07-02 03:32
330,2074,0,还记得大众B在不知不觉中到1.8叨的时候么，就是这么一天一周一个台阶爬坡的，趋势,07-09 11:37
331,1938,1,估计要合并b股了,07-06 03:25
332,1723,0,进的太晚了，不知道明天跌几个点儿[哭],07-06 02:46
333,1674,1,进仓了50000股。,07-01 01:12
334,3249,1,羊头还不如把B股收购了和A股合并了呢！,06-09 03:52
335,1746,0,今天大众A股可是涨的很好呀,06-24 11:02
336,2056,0,600611:大众交通2019年年度股东大会的法律意见书,06-23 06:17
337,2480,1,600611:大众交通2019年度股东大会文件,06-15 03:33
338,2258,1,奔0.3美元而去！可悲的出租车！,05-11 10:17
339,2127,0,各位，小心被套路割韭菜，恶略的吃相,05-13 09:57
340,2039,2,今天B股大抛单真多，继续跌吧！,04-30 11:30
341,2145,0,规则不要脸，a股和b股不配套，启动b股独立退市？！走人，b股已死。,05-12 10:36
342,1531,0,退市吧,05-12 10:17
343,2087,6,大众B怎么啦,05-11 10:21
344,1540,0,快抛， 买老凤祥b去,05-08 01:25
345,1514,0,真正垃圾,05-07 06:04
346,2350,0,600611:大众交通2020年第一季度报告,04-29 07:13
347,1679,0,600611:大众交通独立董事对公司会计政策变更的独立意见,04-29 07:13
348,3729,12,600611:大众交通关于股份回购进展情况的公告,04-02 05:30
349,3792,3,600611:大众交通关于前十名股东持股情况的公告,04-03 03:46
350,1747,0,有价值投资的耀皮B(900918)。,04-02 01:38
351,3352,0,600611:大众交通关于公司回购股份的回购报告书,03-31 06:03
352,2177,0,600611:大众交通关于回购股份通知债权人的公告,03-31 06:03
353,3528,1,600611:大众交通2019年年度利润分配方案公告,03-30 09:08
354,1637,0,600611:大众交通关于公司2020年度日常关联交易的公告,03-30 09:08
355,1646,0,600611:大众交通第九届监事会第十三次会议决议公告,03-30 09:08
356,1624,0,600611:大众交通关于公司发行债务融资工具的公告,03-30 09:08
357,1676,0,600611:大众交通关于公司2020年度对外担保有关事项的公告,03-30 09:08
358,1690,0,600611:大众交通2019年度社会责任报告,03-30 09:07
359,1549,0,600611:大众交通关于召开2019年年度股东大会的通知,03-30 09:07
360,2285,0,600611:大众交通2019年年度报告摘要,03-30 09:07
361,1326,0,600611:大众交通独立董事事前认可该交易的书面意见,03-30 09:07
362,1527,0,600611:大众交通关于续聘会计师事务所及内部控制审计事务所的公告,03-30 09:07
363,1820,0,600611:大众交通:2019年审计报告,03-30 09:07
364,1348,0,600611:大众交通:2019年度控股股东及其他关联方占用资金情况专项审计说明,03-30 09:07
365,1381,0,600611:大众交通关于公司聘任财务总监的公告,03-30 09:07
366,1122,0,为什么还不跌下来,03-29 11:30
367,1138,0,这个股有分红？,03-22 07:02
368,1533,0,哇？耀皮B一路冲(900918)。,03-02 09:40
369,2540,0,600611:大众交通:上海大众融资租赁有限公司审计报告,02-28 04:35
370,1824,0,600611:大众交通独立董事对公司关联交易的独立意见,02-28 04:35
371,2026,0,600611:大众交通第九届监事会第十二次会议决议公告,02-28 04:35
372,1498,0,复工复产，交通先行。,02-27 10:35
373,1960,0,大众手里那么多现金，为何不回够股票？,02-04 07:14
374,1800,0,这一次， 武汉开出租车的赚了不少。,02-04 09:58
375,1626,0,出租车概念股,02-04 09:55
376,2624,1,请问如何购买B股,01-16 06:01
377,2221,0,600611:大众交通第九届监事会第十一次会议决议公告,12-27 04:37
378,1915,0,600611:大众交通独立董事对公司关联交易的独立意见,12-27 04:37
379,2168,0,600611:大众交通关联交易管理规定,12-27 04:37
380,2620,0,主力送钱，笑纳了，不客气,12-08 08:33
381,5461,9,600611:大众交通委托理财公告,11-06 03:33
382,2636,0,大垃圾,11-10 04:30
383,4792,0,大众B股：关于出售股票资产的进展公告,11-06 09:16
384,4634,1,600611:大众交通2019年第三季度报告,10-30 04:12
385,2917,0,狗东西，乌龙指吗,10-29 02:17
386,7129,5,600611:大众交通关于出售股票资产的进展公告(2019/10/18),10-17 03:40
387,3508,0,畜生压盘，诱空。4.60买入了。,10-11 01:53
388,6413,0,600611:大众交通关于控股子公司完成私募基金管理人登记的公告,09-30 04:41
389,9341,1,600611:大众交通2019年半年度报告摘要,08-29 07:36
390,8138,2,分红什么时候到帐,08-07 02:01
391,8529,2,多久分红。,06-21 01:52
392,7709,0,金融开放，外资标的就这么几个,06-19 10:24
393,7415,0,900921明天很可能继续大幅上涨,06-17 10:49
394,7131,0,900921重组成功逢低买入 的好机会,06-16 08:23
395,5686,0,日吧，无交易,05-14 01:20
396,5151,0,上海本地绩优股外资买买买买,05-09 02:29
397,4876,0,马上补缺子，向下突破厢体,04-24 09:41
398,4922,0,今日头条上海市财经委员会会议说了啥?,04-24 07:58
399,4815,0,大单抛，小单买,04-03 11:01
400,10130,2,向广大上海人民问好！向广大上海政企改革者们致敬！加油发展，永无止境！,03-15 12:42
401,6432,1,900906,03-07 09:04
402,8299,3,今天买了600066，13.49进，不知明天如何,03-13 05:58
403,6331,0,这逼股没有庄家。大众A涨疯了，这逼不动！！！！,03-13 11:24
404,7619,1,滴滴车服与大众联手成立合资公司--IT--人民网,02-25 09:57
405,6869,0,权威报道：滴滴车服与大众联手成立合资公司--IT--人民网,02-25 09:54
406,14890,3,大众交通:滴滴全国范围下线顺风车业务 两名高管被免职,08-26 01:55
407,97706,8,股息率排行榜（B股：大于4%），仅16只！,12-18 10:11
408,7125,1,超级利好即将公布，涨停涨停！！！,02-06 01:23
409,9609,3,我回了！大众B股会到10元股,11-16 12:43
410,6529,0,A股600610涨停啦买入B股,12-18 10:07
411,7044,0,终于解套了,11-15 02:26
412,12842,3,准备全仓换入大众b，目前价格买入，股息率有3%-4%，比美元理财强多了,09-20 11:43
413,7148,0,空壳概念900906现价快速买进，它的A股连续几天涨停了,11-12 11:47
414,11687,11,择机买入正在V型反转过程中的股票,09-26 12:46
415,10128,1,大众B的现价收益率是4.5%。,10-17 09:47
416,8840,0,900948伊泰B股，V型反转正在进行中,09-26 12:41
417,9109,0,滴滴都快没气了大众咋会无动于衷呢,09-15 08:28
418,12771,4,逢低买入下一只很可能转为A股的上海B股,08-27 07:44
419,10246,0,割了，走了，,08-08 10:10
420,34096,35,上海B股转A股可能性最大的股票,04-19 07:43
421,9619,0,不断的创新低，这有意思吗？,07-25 12:39
422,13181,4,上半年上海GDP同比增长6.9% 主要得益于以互联网为主的新经济和交运业的较快增,07-18 08:15
423,13503,2,滴滴失去民心用户流失严重，出租车将迎来第二春！再见，滴滴,07-12 10:23
424,8985,0,骗子股票垃圾！,07-07 06:18
425,12510,1,大众B股，红利到账当天全部买入股票，已经坚持20年了。该股用现在流行的话就是:C,07-09 01:10
426,8893,0,榆和高速三季报显示前三季度净利润2.4亿，估计全年就是3.2个亿，按4.6亿股和,07-07 04:21
427,14997,3,一路下跌。。倒闭的节奏！,06-05 10:40
428,13859,1,有重大利空,05-25 10:28
429,12967,2,有谁知道分红什么时候到帐,06-26 08:23
430,21099,5,按照分红收益率计算，b股红利高达4%以上，堪比理财产品了，竟然还有人抛，呵呵呵,05-18 02:20
431,13224,2,跌不动了 那我开始捡了啊,06-01 01:25
432,12126,1,新兴铸管(000778)产品已在地铁领域应用604。,06-05 10:32
433,12861,2,大众B股：上海脑洞大开出租车里出现车载便利店,05-18 10:04
434,11811,1,蓄意杀跌，换5万美元这两天满仓。下周红利到位再买进。[大笑][大笑][大笑],06-04 09:01
435,11886,1,这股为什么这样连续大跌？,06-08 10:48
436,11294,1,不是B股！是狗P股,05-25 10:00
437,14376,4,为何跌跌不休？ 有谁知道出啥事情了,05-25 10:22
438,12728,1,是香港外资抛售的吧？收益率现在超5%，股价比乐视网都低了，还在抛售是持有者买房破,05-31 12:55
439,12382,2,好像可以存钱买进了,05-30 12:05
440,9364,1,新人报道！13:50标题要长长长长长长长长选,05-29 01:50
441,10047,0,大众B估计AB股合并，B股下跌有利于大股东吧,05-25 09:11
442,12963,2,机构这样打压只为低位买进筹码。本人前天已经全部满仓。6月中旬就可以分红[大笑][,05-24 10:34
443,14066,1,VANGUARD EMERGING MARK    基金清仓减持，大概2000万股,05-25 10:57
444,10078,1,B股里最最垃圾的一个了,05-18 05:38
445,9061,0,车载便利店概念横空出世，大众B股大众交通业绩迎来向上拐点,05-18 10:18
446,7830,0,大众B：上海脑洞大开出租车里出现车载便利店,05-18 10:03
447,9005,2,大众B股：超跌，机会正慢慢走来,05-17 09:21
448,9169,3,大众B股：超跌，机会正慢慢走来，在无资质的网约车饱受社会诟病的时候.,05-17 09:30
449,9311,2,为什么跌这么厉害,05-18 01:12
450,6733,0,今天满仓就等6月分红[大笑][大笑][大笑],05-18 11:07
451,7936,1,年内就能赚回整个资产，就不怕被外国人举牌,05-09 05:02
452,7595,1,垃圾。。,05-09 03:11
453,6276,0,年内就能赚回整个资产，就不怕被外国人举牌,05-08 05:25
454,6099,0,垃圾。。,05-08 02:29
455,5884,0,年内就能赚回整个资产，就不怕被外国人举牌,05-07 05:22
456,6084,0,本身就不会,05-02 10:25
457,6865,0,吃得爽[大笑][大笑][大笑],04-23 01:32
458,6503,0,买进等分红[大笑][大笑][大笑],04-23 10:47
459,36434,32,客观分析谁是上海B股未来一段时间的领涨龙头,08-27 10:33
460,12887,2,可能全部换无人驾驶车,11-27 02:57
461,6396,0,年内就能赚回整个资产，就不怕被外国人举牌,04-20 01:39
462,6000,0,火力 再现辉煌,04-20 01:34
463,5995,0,火力 再现辉煌,04-19 04:35
464,5916,0,年内就能赚回整个资产，就不怕被外国人举牌,04-18 09:02
465,5922,0,垃圾。。,04-14 05:23
466,9180,3,A、B股合并倒计时开始，读秒！,04-05 08:53
467,6437,0,有种绿一年。,03-29 10:39
468,6503,0,13.67元的三毛已经涨停成妖买不到了，同股同权的半价三毛b还不到1美元三毛b低估了！同股同权。,03-23 02:31
469,9220,2,天天压盘，想干啥。,03-01 10:41
470,5843,0,即将建立一个创新高的通道,03-18 10:49
471,9447,0,再接再厉，大众交通参股医疗器械独角兽，投资金额为2.71亿元,03-16 01:23
472,6167,0,老杨头把出租行业卖了，专心做投资吧。,03-16 08:28
473,5537,0,股权大战将起。,03-13 11:17
474,5153,0,亏这么多谁卖,03-08 11:26
475,5716,0,有人一直在压盘大众B，捞低位筹码，,03-07 12:19
476,5669,0,有人在压盘,03-07 12:15
477,13077,3,AB股同股同权同价终于实现了,01-11 06:26
478,5794,0,麻辣比，谁在卖。,02-13 11:14
479,27038,5,还有一跌，入场谨慎,07-17 07:08
480,19569,2,这几年公司业绩几乎不变,08-24 10:16
481,11733,3,这样走势 估计年报巨亏,11-28 02:09
482,10193,1,明年的牛股,12-08 02:31
483,6999,0,把RMB全都换成美金，买大众b，十年后成亿万富豪,12-07 12:31
484,9300,1,几位老大在把单子打起耍,11-30 01:16
485,6468,0,这样相当于左1米68  右1米7O,11-30 01:22
486,9770,1,大众B股好,11-10 01:27
487,10501,1,大众B股好没法说，不买硬是睡不着。,11-10 01:29
488,6363,0,振华B好,11-09 02:01
489,29048,20,大众B股900903：共享单车的挑战不容忽视,07-25 09:49
490,7516,2,7手8手慢慢买，佳期将近,10-11 02:45
491,57658,7,大众透过财务报表发现营收减少20%，但利润却增长20%，2015年显然在经营能力,04-16 05:23
492,52124,2,B股领涨下波还靠大化,03-21 01:38
493,20296,3,是不健康,07-25 01:32
494,11982,2,纳入第,09-07 03:12
495,40675,5,压住b股价格吸货后才会拉升,03-15 09:58
496,12350,1,地人,09-12 09:47
497,62715,4,是谁把大B日急眼了。,06-17 02:55
498,7500,2,应该好好思考一下第二大股东在近一年多时间的持续收集行为。,10-31 09:43
499,4476,0,＃ ＃好事将近是滴,11-01 05:37
500,44195,5,ok,12-23 09:34
501,4683,1,好事将近哈哈哈,10-20 09:24
502,54711,7,倒计时87天！吓啥哟？,03-22 11:55
503,6726,1,留个印,10-09 12:56
504,47084,3,倒计时88天!吓啥哟？,03-21 11:28
505,12694,2,B股市场改革无法回避 2017年09月23日 02:54作者：桂浩明来源：证券时,09-23 04:44
506,39331,5,迪士尼及大量参股证券的大众交通价值必体现，飙升,12-23 02:07
507,43143,10,近几日向1.3美金进发。马上发力拉升。,03-10 09:31
508,47351,5,牛市来了还在等什么,03-21 11:14
509,40732,4,阻止野蛮人收购的办法之一，就是垃升股价，保卫家园。大众A涨到30元，大众B涨到4,12-22 10:55
510,11353,3,务有关的资,09-08 08:41
511,5893,1,＃＃＃5555,10-20 03:03
512,44294,5,如果我是董事长，会被吓到不感睡觉！ 假定有个资本家，只要手握50亿人民币，全部换,12-22 10:44
513,72162,4,咋老是跌呀,06-17 11:24
514,44215,6,大众B成交金额不过3500万之前，只管持股。等待天量之后的新高。,12-21 09:51
515,62786,7,倒计时71天吓啥哟？,04-05 12:22
516,69626,5,大众B的股息税为什么要扣30%？,06-14 10:50
517,5822,1,@＃＃耐心等待，为啥不出现呢啊啊啊,10-23 02:56
518,1027,0,＃＃还是讲得很,10-24 01:44
519,1001,0,委屈的蝴蝶结,10-24 01:44
520,6089,2,现在不要买， 等大众交通a股涨停板了再买,10-20 10:20
521,3517,0,＃＃＃好事要来了哈哈哈,10-23 02:55
522,52170,5,从AB股比价看，大众B有20％的补跌空间,01-16 08:23
523,4129,0,说啥好呢＃＃,10-20 09:24
524,9120,2,B股的一些小庄洗来洗去把自己的一些筹码都洗出去了,09-18 02:48
525,20953,14,至于周,07-25 02:15
526,21010,8,大众Ｂ股KDJ曲线买入,07-28 09:50
527,67007,1,不想干活[不屑][不屑][不屑][不屑][不屑][不屑][不屑][不屑][不屑],04-13 04:18
528,66314,7,_入：,07-21 09:46
529,151268,12,"买国企改革股要买涨升最大的要买盘子最小的,要买业绩",09-17 02:23
530,49256,4,"看看凌云涨升你就会有新的决定,玩股就玩龙头股.",03-17 06:43
531,76682,8,请教大众B只送股，没有派息啊？有哪位大师能告之。谢谢了！,06-29 08:07
532,109926,107,大众B调整完毕,10-27 01:14
533,50531,2,当心火箭!倒计时41天吓傻妖?,05-05 12:20
534,54231,13,利好朦胧期！吓啥哟？,03-16 10:39
535,52119,4,倒计时75天吓啥哟？下午反转！,04-01 02:48
536,55451,3,不想干活,04-20 07:54
537,43478,2,不怕跌，只怕涨。吓啥哟？,03-23 12:50
538,38608,4,现卖出大众买入凌云和大化,03-13 01:27
539,60109,10,倒计时70天吓啥哟？,04-05 09:14
540,60490,4,反转反转,04-20 07:44
541,42391,5,低点在周三周四,01-04 11:21
542,42813,1,在股权登记日之前卖掉后，是不是存在已经除权，但是送转的股也没有了？,06-16 08:49
543,54135,4,当心火箭!,04-25 01:28
544,47460,2,迪士尼兑现了,03-28 12:33
545,12455,1,受到,07-04 09:29
546,46022,4,倒计时96天,03-13 09:46
547,62236,8,大众交通2016必开足马力，飞奔,12-29 11:26
548,34882,3,可以从B股上抢筹举牌的几个公司，大众交通算是一个。,12-23 01:16
549,52084,2,疯了吧。,06-17 03:02
550,13364,2,做好人买好股得好报,06-26 07:59
551,61591,3,沪B挑马,04-22 08:08
552,66209,1,反转了！吓啥哟？,03-25 03:03
553,46895,3,哈哈爽死主力啦，今天送出天大的红包了，举牌又前进了一大步！,12-28 02:30
554,43718,2,能发言布,05-25 09:43
555,33116,4,"今开盘上证指数会大跌,该股会上涨,特别是下周",03-11 01:19
556,40212,3,倒计时93天，明天补涨。,03-16 09:57
557,32363,3,稳步上升。,12-22 08:22
558,47313,3,为何送的股还没到帐,06-16 10:16
559,50763,3,倒计时76天吓啥哟？,03-31 12:46
560,32988,3,历史最高价8元。,12-23 01:05
561,38506,1,为什么先除权，后登记，没人起诉这不合理规定吗,06-15 01:33
562,33720,0,迪斯尼倒计时98天开园啦！,03-11 06:31
563,35479,1,大家都去A股股吧宣传B股，利好多多,12-25 09:29
564,39780,3,倒计时94天，下午反转。,03-16 12:17
565,33664,4,[买入][满仓][抄底][看多][加仓],03-14 11:50
566,37067,4,这个价位卖出去跟钱多不去。大众今后不是大众，是贵族了！身家不一样的贵族啊[大笑],01-18 01:30
567,46773,5,抢迪士尼门票也赚钱！,03-25 11:57
568,57213,6,倒计时60天吓啥哟?,04-14 01:34
569,39912,9,传言大众交通被举牌是真的吗，如果属实，大众b10倍涨幅也不 止吧,02-27 11:08
570,32515,3,欧息大降！欧股大涨！明天大盘挑战3000点！补涨！[买入][满仓][抄底][看多,03-10 10:33
571,56635,4,那哇哇哇,05-04 10:55
572,56389,7,浦东金桥来个特斯拉概念涨停了，大众交通未来百多条新能源公交线路，数百亿原始股权，参股券商创投概念题材比金桥多十个；明年大众交通股价至少30,06-21 02:27
573,42154,2,重仓参与吓啥哟？,03-18 12:11
574,35412,3,下午果然反转了！,03-17 03:20
575,45242,3,能发言布,05-25 09:43
576,65944,15,5个交易日，跌了一分，T也没得做，就干瞪眼。,07-06 08:05
577,43577,1,15号登记。13号除权。这就是中国股市。,06-15 11:29
578,41082,1,倒计时85天！吓啥哟？,03-24 12:14
579,29665,3,若要成器，必先改嫁！携眷拖幼，恐难成事。,02-10 05:08
580,47560,3,抢迪士尼门票啦！吓啥哟？,03-28 12:23
581,45075,8,"昨天在上海万豪聆听李志林的报告时，我一直向周围的股友推荐大众B,继续大涨呀",12-28 10:44
582,38458,3,B股近期将调整，谨慎！,01-04 06:14
583,22437,4,明天涨停,12-16 08:28
584,42429,2,价升量增，才40分钟，成交金额已经250万了，后市看涨！明天收盘应该创新高的,12-30 10:14
585,40484,0,日美头部，欧洲走熊。大陆人民币贬值周期，A股受制，B股也受约。,01-04 08:39
586,37242,6,该股三日內定会大涨。,03-09 05:58
587,34231,1,昨天成交金额1770万元，今天成交超过850万元，很明显将举牌的主力进场收筹码了,12-29 02:38
588,34655,1,此股最厚颜无耻，穷途末路，拉不动的死狗,01-30 05:14
589,53061,1,凯马要发力了,11-10 10:30
590,51468,4,B股新年新龙头,01-01 12:33
591,47559,1,-到账了,06-16 09:35
592,45626,0,倒计时79天，吓啥哟？依托5日线继续操练！,03-28 09:46
593,41359,0,传闻：凌云B在3月转A股,03-04 08:16
594,34806,0,迪斯尼倒计时99天！明天补涨！,03-10 09:59
595,63902,2,大众交通是一大块肥肉，迟早被收购。,12-24 01:11
596,52332,0,大跌，买进！买进！！买进进！！！,12-28 07:46
597,39034,1,[图片],01-27 11:49
598,49424,11,最有潜力的当属大众交通，稳稳的幸福,12-29 09:59
599,36936,0,交大昂立应该1月6日复牌，由于暴跌后停牌的，复牌理应走高，大众AB大众公用共同受益,12-31 10:35
600,31053,1,还是换净资产附近的伊泰保险,12-28 02:03
601,30243,0,挖坑啊，强取豪夺,12-28 01:23
602,26780,0,此处应有掌声,12-28 10:42
603,29177,0,今天买进就是为了下周公布明年春季迪士尼试营业日期。,12-24 09:27
604,30876,1,今天大众B低开，抢票不要客气呀！马上再创股灾之后的新高！持续创新高！,12-23 09:29
605,28512,0,要崩盘了，要命的快走，今天你看了爱理不理，它日你高攀不起,12-23 11:19
606,27015,0,吉祥航空高送转利高，叠加A股站稳20天线，明天A股可能涨停，B股再涨3个点。期待,12-21 09:07
607,22218,3,今天大众B涨得这么厉害？难道真得在抢筹？真得会举牌？,12-17 11:09
608,28585,0,坚定持股，明年半年报时，将攀上惊人的价格，理由：,12-01 11:30
609,14312,0,砸盘？？送钱的来了！！是业绩支撑着价位，不是题材股,12-16 02:18
610,13824,0,砸盘？？送钱的来了！！是业绩支撑着价位，不是题材股,12-16 02:16
611,17572,0,分析大众交通对照大商股份被举牌的必然性,12-16 11:48
612,17359,3,第一大股东仅有20%的股权，前10大股东控股不到30%，没准哪天会被举牌,12-02 09:34
613,8975,0,从股权的结构看有被举牌的条件，从近期交易的状况看，有被举牌的迹象,12-14 10:15
614,9219,0,大众B已经突破了所有压力线！不可也不必大幅拉升，慢点慢点再慢点，慢牛不可蛮牛呀,12-11 09:58
615,9263,0,美元兑人民币创4年来的新高，B指创9月份以来的新高，大众B今天收盘也将创反弹新高，一马平川！,12-10 01:24
616,11604,3,只有纯B股，才有巨大投资价值！新城B转a股，是极好范例！--而招商b与招商a的合,12-08 06:53
617,14707,1,经过追踪查核，终于搞清了大众交通股份持有中新科技权益的状况,12-04 04:04
618,9218,0,重大提醒：新城B转a股，是极好范例！--而招商b与招商a的合并方案，给混合b开了,12-08 05:23
619,10325,0,不拉长阳，决不跟进！,12-04 11:20
620,10942,0,在大盘暴跌之时，大众AB纷纷大涨，是由其资产价值为基础的，跨年度行情刚刚开始！,12-04 10:58
621,10604,0,耐心持股，先涨1毛，9个点。,12-03 10:19
622,10973,0,鸡肋一个。,12-03 06:13
623,2625,0,900903,12-01 12:55
624,13919,0,今天依然玩个低价集合竞价！昨天不听劝低价卖出的散户，还有筹码吗？,11-26 09:34
625,13928,0,此贴刚刚被删！请1.16之下的卖单赶紧撤吧，分分秒秒会被扫盘的,11-25 01:24
626,13755,0,请1.16之下的卖单赶紧撤吧，分分秒秒会被扫盘的,11-25 01:21
627,13805,0,盲目操作怎能收获？1.15元之下怎么才能买回？机会渺茫呀！,11-25 10:54
628,13748,0,每天有低价集合竞价成交！主力在诱空吸筹，骗取散户筹码！,11-25 09:31
629,14691,0,B股价格回到了5月上旬行情发动的原点，1.60以下绝对是稀缺资源了。拿住,11-23 10:49
630,14205,0,大众BB股中的金矿，很快突破1.20元后市值得期待,11-23 09:24
631,36255,2,为什么B股价格是A股的几分之一，而涨幅只有A股的1/2？小散们还是没有信心啊。,10-16 02:23
632,31610,1,追高必死，买入即套，韭菜没有几把了。,10-22 01:52
633,33331,0,11月18日迪士尼试营业。迪士尼概念股都将翻倍。就像前期的军工概念股。筹码必须锁,09-25 09:55
634,31064,0,股近40股跌停遭血洗,09-14 01:36
635,27357,0,但愿能多赚些美元,09-11 03:20
636,29811,1,B股中为数不多的股价大幅低于净资产而又盈利的B股___天海B,10-12 10:04
637,26996,0,A股启动了。B股快抢筹码。,09-25 10:34
638,26726,0,10万股压盘吸筹！,09-24 02:06
639,26140,0,可惜了。,09-17 02:00
640,25785,0,有你安心的温柔 路有尽头,09-17 08:59
641,27013,1,做客股吧,09-14 01:36
642,25483,0,人叶春晖做客股吧,09-14 01:38
643,24380,0,客股吧客股吧,09-14 01:36
644,24628,0,知名投资人叶春晖做客股吧,09-14 01:35
645,23878,0,资八机构重罚8.4亿,09-14 01:34
646,23661,0,会对配资八机构重罚8.4亿,09-14 01:33
647,22836,0,随风倒告诉,09-14 01:33
648,21723,0,万点！知名投资人叶春,09-14 10:47
649,21345,0,点！知名投资人叶春,09-14 10:44
650,21119,0,活期宝享3-25%高收益,09-14 10:44
651,17731,0,企整合股来了 覆盖200多家公司(名单),09-14 10:34
652,16549,0,深化国有企业改革的指导意见》,09-14 10:34
653,13138,0,闲钱放活期宝享3-25%高收益闲钱放活期宝享3-25%高收益,09-14 10:29
654,12776,0,来了 覆盖200多家公司(名单),09-14 10:28
655,7395,0,你你你,09-11 09:02
656,5764,0,人连抓5涨停,09-11 08:58
657,4905,0,两起短线操纵案件作出行政处罚,09-11 08:58
658,3989,0,线操纵案件作出行政处罚,09-11 08:57
659,3783,0,我爱你,09-11 08:57
660,3692,0,平均法考核存款准备金,09-11 08:57
661,2296,0,金公司并未出售国元证券股权 已将,09-11 08:55
662,1458,0,闲钱放活期宝享3-25%高收益亲切亲切,09-11 03:31
663,1375,0,金的股拋你MB啊？！！,09-11 03:30
664,1361,0,钱放活期宝享3-25%高收益,09-11 03:26
665,1309,0,烟的资深人士老万,09-11 03:26
666,1315,0,期宝享3-25%高收益,09-11 03:26
667,1262,0,士老万,09-11 03:24
668,1169,0,收益,09-11 03:24
669,1570,0,宝享3-25%高收益,09-11 03:21
670,1575,0,板块飙涨,09-11 03:21
671,1687,0,股市硝烟的资深人士老万,09-11 03:18
672,1553,0,不见了！怎么办？不见了！怎么办？,09-11 03:18
673,1532,0,下周四登场，真快呀！,09-11 03:18
674,20707,0,现在仅仅是吉祥航空的预热阶段，大交AB都将赶超陆家嘴。,05-25 01:35
675,12539,2,天啊，你终于停牌了，谢天谢地,07-07 08:42
676,18035,4,减仓大众一半换了新城,06-11 09:11
677,12511,0,　这对B股算利好吗？6月26日下午消息，2015陆家嘴论坛在上海举行。在《汇率,06-26 07:01
678,17948,5,国泰君安下周四登场，真快呀！,06-10 05:08
679,11964,0,下来吧，高点卖了再接回来,06-26 09:52
680,25777,22,b股领先,05-29 09:57
681,13849,0,新城控股2014营收206亿净利每股1.41元看10美元,06-18 04:39
682,15122,1,新城抢筹码时间有限了，参考国泰君安的发行进程,06-14 10:18
683,15433,4,感觉B股市快要停牌，B股空仓风险大。,06-15 08:36
684,23167,1,大众交通第二次A股B股双双涨停！下周还会重演！,05-22 02:28
685,28305,8,$ 主力资金青睐900903的原因 ,05-11 12:11
686,16121,1,明天吉祥起飞，今天红盘收盘，主力继续吸收增仓。涨停哪来筹码？,05-26 11:23
687,16528,9,快快快快,05-22 11:07
688,12378,0,1.933元12751手压盘，不足畏惧，主力亏负拉朽，一扫二光！,05-25 02:32
689,11874,0,很快扫盘，以涨停报收，拭目以待,05-25 02:28
690,11689,0,主力昨天吸收了不少筹码，今天吸收的更多，搭车的散客下车了。,05-25 01:31
691,13985,5,居然不能封死涨停,05-22 09:58
692,11280,0,大众A股已经涨板，B股更不用看了。再次双板无疑！,05-25 09:46
693,11887,3,真奇怪，这种情况还有人卖出？,05-22 02:22
694,11032,1,B股还是没有A股走的好。,05-22 09:51
695,9914,0,1.757元的抛单，缴枪吧！,05-22 02:22
696,9198,0,1.757元的抛单告诉你，这是价值回归价值投资，5月内过2元，顺势而为缴枪吧！,05-22 02:26
697,10577,0,国泰君安要上市，持有股份的大众，不涨有道理吗？[微笑],05-21 08:49
698,12298,5,今天股东大会，有什么说法吗,05-15 09:45
699,12814,1,有一个B股最终解决方案快要破茧而出！,05-08 02:17
700,8716,0,恒天合并凯马900953整体上市，央企中字头,05-11 10:32
701,9119,0,管理层为转移创业板热点，点燃另一个市场！就是B股市场！,05-08 02:28
702,15367,0,今天大众B跌爽了,04-20 04:24
703,14704,0,B股里的垃圾,04-15 09:52
704,18368,0,国务院：培育壮大创业投资和资本市场,03-23 10:47
705,16774,0,B股飞涨开始！,04-13 07:24
706,22970,0,实现人民币资本项目可兑换的目标对B股绝对利好,03-27 11:03
707,23033,16,真冷清啊 有人在吗 ？,12-28 11:42
708,18506,1,交通部长力挺出租车公司私家车永远不能进入专车行列……,03-16 01:17
709,5526,1,大众B没有融资融券，与A股差价也很大，不应跟随A股下跌,01-19 01:45
710,21779,0,人民币重新走强，B股走势远远落后于A股，弃弱逐强，再见B股。,03-19 01:57
711,21222,0,加油！！,03-19 04:53
712,22359,0,大众A股涨幅百分之八了,03-16 01:43
713,21197,1,不会巴菲特在吃大众B股,11-21 01:32
714,20732,0,A股都12.7元了，B股主力真是个季八登！,03-16 09:52
715,5983,0,主力涨8分钱，我全部卖给你，太墨迹了，换股,03-13 10:18
716,7011,1,千股千评，不让买。,02-25 11:05
717,24146,1,全仓买入大众B,11-05 10:36
718,5034,3,上涨的节奏,03-01 08:18
719,5455,3,903,02-13 10:36
720,5618,2,"转,千股千评",02-11 08:16
721,6011,6,完全跟不上A股涨的节奏，上涨一跌的时候倒是没少跌。,01-26 11:08
722,4096,0,A股涨得多，B股的股价不到A股的一半，有补涨空间。,01-21 10:56
723,15198,0,600611:大众交通第七届董事会第十八次会议决议公告,12-26 05:05
724,21513,5,油价下跌这么多，大众交通牌照升值多少,12-04 09:48
725,15267,0,600611:大众交通关于全资子公司对外投资的公告,12-10 07:33
726,15035,0,600611 : 大众交通2014年第三季度季报,10-29 06:55
727,14158,0,600611 : 大众交通第七届董事会第十七次会议决议公告,10-29 04:26
728,14678,0,600611 : 大众交通关于发行短期融资券的公告,10-28 08:42
729,16326,0,600611 : 大众交通第七届董事会第十六次会议决议公告,10-12 05:10
730,15794,0,600611 : 大众交通与关联方共同投资的关联交易公告,10-12 04:56
731,15673,0,600611 : 大众交通独立董事对公司关联交易的独立意见,10-12 04:56
732,22111,0,600611 : 大众交通第七届董事会第十四次会议决议公告,08-29 09:27
733,21611,0,600611 : 大众交通关于转让二家控股子公司股权的关联交易公告,09-29 04:40
734,20825,0,600611 : 大众交通第七届董事会第十五次会议决议公告,09-29 04:40
735,26544,0,600611 : 大众交通独立董事对公司关联交易的独立意见,09-29 04:29
736,24201,0,如果这个垃圾公司现在退市，股东散伙分家，我举双手赞成,09-22 06:18
737,23726,0,600611 : 大众交通2014年半年报,08-29 09:53
738,23509,0,涨！,09-15 01:43
739,22637,0,600611 : 大众交通董事会审计委员会工作细则,08-30 06:06
